Debug - n: 3
Debug - directions: &gt;&gt;&lt;
Debug - jumps: [2, 1, 1]
Debug - Step 0: At position 0
Debug - Moving to -2
Case 1:
Birth rules: set()
Death rules: {2}
Day 1:
00000
00000
00000
00100
00000

00000
01010
00000
01010
00000

00000
00000
00000
01010
00000

00000
01010
00000
00000
00000

00000
00000
00000
00000
00000

Day 2:
00000
00000
00000
00100
00000

00000
00000
00000
01010
00000

00000
00000
00000
00000
00000

00000
00000
00000
00000
00000

00000
00000
00000
00000
00000

Day 3:
00000
00000
00000
00100
00000

00000
00000
00000
00000
00000

00000
00000
00000
00000
00000

00000
00000
00000
00000
00000

00000
00000
00000
00000
00000

Day 4:
00000
00000
00000
00000
00000

00000
00000
00000
00000
00000

00000
00000
00000
00000
00000

00000
00000
00000
00000
00000

00000
00000
00000
00000
00000

Day 5:
00000
00000
00000
00000
00000

00000
00000
00000
00000
00000

00000
00000
00000
00000
00000

00000
00000
00000
00000
00000

00000
00000
00000
00000
00000

Case 1:
Birth rules: set()
Death rules: {2}
Day 1:
00000
00000
00000
00100
00000

00000
01010
00000
01010
00000

00000
00000
00000
01010
00000

00000
01010
00000
00000
00000

00000
00000
00000
00000
00000

Day 2:
00000
00000
00000
00100
00000

00000
00000
00000
01010
00000

00000
00000
00000
00000
00000

00000
00000
00000
00000
00000

00000
00000
00000
00000
00000

Day 3:
00000
00000
00000
00100
00000

00000
00000
00000
00000
00000

00000
00000
00000
00000
00000

00000
00000
00000
00000
00000

00000
00000
00000
00000
00000

Day 4:
00000
00000
00000
00000
00000

00000
00000
00000
00000
00000

00000
00000
00000
00000
00000

00000
00000
00000
00000
00000

00000
00000
00000
00000
00000

Day 5:
00000
00000
00000
00000
00000

00000
00000
00000
00000
00000

00000
00000
00000
00000
00000

00000
00000
00000
00000
00000

00000
00000
00000
00000
00000

